1, 0, 0, 0.2
2, 0.0125994, 0.0125997, 0.201064
3, 0.025264, 0.0252666, 0.202133
4, 0.0379912, 0.0380003, 0.203208
5, 0.0507806, 0.0508025, 0.204288
6, 0.0636295, 0.0636725, 0.205375
7, 0.0765359, 0.0766108, 0.206467
8, 0.0894978, 0.0896177, 0.207565
9, 0.102514, 0.102694, 0.208668
10, 0.115581, 0.11584, 0.209778
11, 0.128698, 0.129056, 0.210894
12, 0.141861, 0.142342, 0.212015
13, 0.15507, 0.155699, 0.213142
14, 0.168321, 0.169126, 0.214276
15, 0.181612, 0.182625, 0.215415
16, 0.19494, 0.196196, 0.216561
17, 0.208303, 0.209839, 0.217712
18, 0.221697, 0.223555, 0.21887
19, 0.235121, 0.237344, 0.220034
20, 0.248572, 0.251205, 0.221204
21, 0.262045, 0.265141, 0.22238
22, 0.275539, 0.27915, 0.223563
23, 0.28905, 0.293235, 0.224752
24, 0.302576, 0.307394, 0.225947
25, 0.316112, 0.321628, 0.227149
26, 0.329655, 0.335938, 0.228356
27, 0.343203, 0.350325, 0.229571
28, 0.35675, 0.364787, 0.230792
29, 0.370295, 0.379327, 0.232019
30, 0.383833, 0.393944, 0.233253
31, 0.39736, 0.408638, 0.234493
32, 0.410873, 0.423411, 0.23574
33, 0.424367, 0.438262, 0.236994
34, 0.437838, 0.453192, 0.238254
35, 0.451283, 0.468203, 0.239521
36, 0.464697, 0.483292, 0.240795
37, 0.478075, 0.498462, 0.242075
38, 0.491413, 0.513712, 0.243362
39, 0.504708, 0.529044, 0.244656
40, 0.517954, 0.544457, 0.245957
41, 0.531145, 0.559952, 0.247265
42, 0.544279, 0.575529, 0.24858
43, 0.557349, 0.591189, 0.249902
44, 0.570351, 0.606933, 0.251231
45, 0.583279, 0.62276, 0.252567
46, 0.596129, 0.638672, 0.25391
47, 0.608895, 0.654667, 0.25526
48, 0.621573, 0.670749, 0.256618
49, 0.634155, 0.686915, 0.257982
50, 0.646637, 0.703168, 0.259354
51, 0.659014, 0.719507, 0.260733
52, 0.671279, 0.735933, 0.26212
53, 0.683426, 0.752446, 0.263514
54, 0.695451, 0.769047, 0.264915
55, 0.707346, 0.785736, 0.266324
56, 0.719106, 0.802515, 0.26774
57, 0.730724, 0.819382, 0.269164
58, 0.742195, 0.836339, 0.270595
59, 0.753511, 0.853386, 0.272034
60, 0.764666, 0.870524, 0.273481
61, 0.775655, 0.887753, 0.274935
62, 0.78647, 0.905073, 0.276397
63, 0.797105, 0.922486, 0.277867
64, 0.807553, 0.939991, 0.279344
65, 0.817807, 0.957589, 0.28083
66, 0.82786, 0.975281, 0.282323
67, 0.837705, 0.993067, 0.283825
68, 0.847336, 1.01095, 0.285334
69, 0.856744, 1.02892, 0.286851
70, 0.865924, 1.047, 0.288377
71, 0.874868, 1.06516, 0.28991
72, 0.883568, 1.08343, 0.291452
73, 0.892017, 1.10179, 0.293002
74, 0.900208, 1.12025, 0.29456
75, 0.908133, 1.1388, 0.296126
76, 0.915785, 1.15746, 0.297701
77, 0.923157, 1.17621, 0.299284
78, 0.930241, 1.19507, 0.300875
79, 0.937029, 1.21402, 0.302475
80, 0.943513, 1.23308, 0.304084
81, 0.949687, 1.25224, 0.305701
82, 0.955543, 1.27149, 0.307327
83, 0.961072, 1.29086, 0.308961
84, 0.966267, 1.31032, 0.310604
85, 0.971121, 1.32989, 0.312255
86, 0.975627, 1.34956, 0.313916
87, 0.979775, 1.36933, 0.315585
88, 0.98356, 1.38922, 0.317263
89, 0.986972, 1.4092, 0.318951
90, 0.990006, 1.4293, 0.320647
91, 0.992652, 1.4495, 0.322352
92, 0.994905, 1.46981, 0.324066
93, 0.996756, 1.49022, 0.325789
94, 0.998197, 1.51075, 0.327522
95, 0.999223, 1.53138, 0.329263
96, 0.999826, 1.55212, 0.331014
97, 0.999998, 1.57298, 0.332774
98, 0.999732, 1.59394, 0.334544
99, 0.999022, 1.61502, 0.336323
100, 0.997862, 1.6362, 0.338112
101, 0.996243, 1.6575, 0.33991
102, 0.99416, 1.67892, 0.341717
103, 0.991607, 1.70045, 0.343534
104, 0.988577, 1.72209, 0.345361
105, 0.985064, 1.74385, 0.347198
106, 0.981063, 1.76572, 0.349044
107, 0.976567, 1.78771, 0.3509
108, 0.971571, 1.80981, 0.352766
109, 0.96607, 1.83204, 0.354642
110, 0.960059, 1.85438, 0.356528
111, 0.953533, 1.87684, 0.358424
112, 0.946487, 1.89942, 0.36033
113, 0.938918, 1.92212, 0.362246
114, 0.93082, 1.94494, 0.364172
115, 0.922191, 1.96788, 0.366109
116, 0.913027, 1.99095, 0.368056
117, 0.903324, 2.01414, 0.370013
118, 0.89308, 2.03745, 0.37198
119, 0.882293, 2.06088, 0.373958
120, 0.87096, 2.08444, 0.375947
121, 0.85908, 2.10812, 0.377946
122, 0.84665, 2.13193, 0.379956
123, 0.833671, 2.15587, 0.381977
124, 0.820141, 2.17994, 0.384008
125, 0.806061, 2.20413, 0.38605
126, 0.79143, 2.22845, 0.388103
127, 0.77625, 2.2529, 0.390167
128, 0.760521, 2.27748, 0.392241
129, 0.744246, 2.30219, 0.394327
130, 0.727425, 2.32703, 0.396424
131, 0.710063, 2.352, 0.398532
132, 0.692163, 2.37711, 0.400651
133, 0.673727, 2.40235, 0.402782
134, 0.65476, 2.42773, 0.404924
135, 0.635269, 2.45324, 0.407077
136, 0.615256, 2.47888, 0.409242
137, 0.594729, 2.50466, 0.411418
138, 0.573695, 2.53058, 0.413606
139, 0.55216, 2.55664, 0.415805
140, 0.530134, 2.58283, 0.418016
141, 0.507623, 2.60917, 0.420239
142, 0.484638, 2.63564, 0.422474
143, 0.461188, 2.66226, 0.424721
144, 0.437285, 2.68902, 0.426979
145, 0.412938, 2.71592, 0.42925
146, 0.388161, 2.74296, 0.431532
147, 0.362967, 2.77014, 0.433827
148, 0.337367, 2.79747, 0.436134
149, 0.311378, 2.82495, 0.438453
150, 0.285013, 2.85257, 0.440785
151, 0.258291, 2.88034, 0.443129
152, 0.231224, 2.90826, 0.445485
153, 0.203832, 2.93632, 0.447854
154, 0.176132, 2.96454, 0.450236
155, 0.148145, 2.9929, 0.45263
156, 0.119888, 3.02142, 0.455037
157, 0.0913821, 3.05008, 0.457457
158, 0.0626501, 3.0789, 0.459889
159, 0.0337121, 3.10787, 0.462335
160, 0.00459184, 3.137, 0.464793
161, -0.0246873, 3.16628, 0.467265
162, -0.0541004, 3.19572, 0.46975
163, -0.083623, 3.22531, 0.472248
164, -0.113228, 3.25506, 0.474759
165, -0.14289, 3.28497, 0.477284
166, -0.17258, 3.31504, 0.479822
167, -0.202272, 3.34527, 0.482373
168, -0.231935, 3.37566, 0.484939
169, -0.261539, 3.40621, 0.487517
170, -0.291055, 3.43692, 0.49011
171, -0.320451, 3.4678, 0.492716
172, -0.349695, 3.49884, 0.495336
173, -0.378756, 3.53004, 0.49797
174, -0.4076, 3.56142, 0.500618
175, -0.436191, 3.59295, 0.50328
176, -0.464498, 3.62466, 0.505957
177, -0.492485, 3.65653, 0.508647
178, -0.520116, 3.68858, 0.511352
179, -0.547356, 3.72079, 0.514071
180, -0.574168, 3.75318, 0.516805
181, -0.600515, 3.78574, 0.519553
182, -0.626361, 3.81847, 0.522316
183, -0.651668, 3.85137, 0.525093
184, -0.676399, 3.88445, 0.527886
185, -0.700514, 3.91771, 0.530693
186, -0.723977, 3.95114, 0.533515
187, -0.74675, 3.98475, 0.536352
188, -0.768793, 4.01854, 0.539204
189, -0.790068, 4.05251, 0.542072
190, -0.810538, 4.08666, 0.544954
191, -0.830164, 4.12099, 0.547852
192, -0.848908, 4.15551, 0.550765
193, -0.866732, 4.19021, 0.553694
194, -0.8836, 4.22509, 0.556639
195, -0.899473, 4.26016, 0.559599
196, -0.914316, 4.29541, 0.562574
197, -0.928093, 4.33085, 0.565566
198, -0.940768, 4.36648, 0.568574
199, -0.952306, 4.4023, 0.571597
200, -0.962675, 4.43831, 0.574637
201, -0.97184, 4.47451, 0.577692
202, -0.979771, 4.51091, 0.580764
203, -0.986435, 4.54749, 0.583853
204, -0.991805, 4.58428, 0.586958
205, -0.99585, 4.62125, 0.590079
206, -0.998544, 4.65843, 0.593217
207, -0.999862, 4.6958, 0.596371
208, -0.99978, 4.73337, 0.599543
209, -0.998275, 4.77114, 0.602731
210, -0.995326, 4.80911, 0.605936
211, -0.990915, 4.84728, 0.609158
212, -0.985026, 4.88566, 0.612397
213, -0.977643, 4.92424, 0.615654
214, -0.968755, 4.96303, 0.618928
215, -0.95835, 5.00202, 0.622219
216, -0.946422, 5.04122, 0.625528
217, -0.932964, 5.08062, 0.628854
218, -0.917975, 5.12024, 0.632198
219, -0.901454, 5.16007, 0.63556
220, -0.883403, 5.20011, 0.63894
221, -0.86383, 5.24036, 0.642338
222, -0.842742, 5.28083, 0.645753
223, -0.820151, 5.32151, 0.649187
224, -0.796072, 5.36241, 0.65264
225, -0.770523, 5.40352, 0.65611
226, -0.743526, 5.44486, 0.659599
227, -0.715105, 5.48641, 0.663107
228, -0.685288, 5.52819, 0.666633
229, -0.654108, 5.57018, 0.670178
230, -0.621598, 5.6124, 0.673742
231, -0.5878, 5.65485, 0.677324
232, -0.552755, 5.69752, 0.680926
233, -0.516509, 5.74042, 0.684547
234, -0.479113, 5.78354, 0.688187
235, -0.440619, 5.8269, 0.691847
236, -0.401087, 5.87048, 0.695526
237, -0.360576, 5.9143, 0.699225
238, -0.319153, 5.95835, 0.702943
239, -0.276884, 6.00264, 0.706681
240, -0.233845, 6.04715, 0.710439
241, -0.190111, 6.09191, 0.714217
242, -0.145759, 6.13691, 0.718015
243, -0.100874, 6.18214, 0.721833
244, -0.0555423, 6.22761, 0.725671
245, -0.00985255, 6.27333, 0.72953
246, 0.0360989, 6.31929, 0.73341
247, 0.0822175, 6.3655, 0.73731
248, 0.128405, 6.41195, 0.741231
249, 0.174558, 6.45864, 0.745172
250, 0.220572, 6.50559, 0.749135
251, 0.266342, 6.55278, 0.753119
252, 0.311756, 6.60023, 0.757123
253, 0.356705, 6.64792, 0.76115
254, 0.401076, 6.69588, 0.765197
255, 0.444752, 6.74408, 0.769266
256, 0.487619, 6.79255, 0.773357
257, 0.529559, 6.84127, 0.77747
258, 0.570455, 6.89024, 0.781604
259, 0.610189, 6.93948, 0.78576
260, 0.648644, 6.98899, 0.789939
261, 0.685702, 7.03875, 0.794139
262, 0.721244, 7.08878, 0.798362
263, 0.755156, 7.13908, 0.802608
264, 0.787323, 7.18964, 0.806876
265, 0.817633, 7.24047, 0.811166
266, 0.845975, 7.29158, 0.81548
267, 0.87224, 7.34295, 0.819817
268, 0.896325, 7.3946, 0.824176
269, 0.918129, 7.44652, 0.828559
270, 0.937555, 7.49872, 0.832965
271, 0.954509, 7.55119, 0.837394
272, 0.968904, 7.60395, 0.841847
273, 0.980659, 7.65698, 0.846324
274, 0.989696, 7.7103, 0.850825
275, 0.995946, 7.7639, 0.855349
276, 0.999345, 7.81779, 0.859898
277, 0.999838, 7.87196, 0.86447
278, 0.997377, 7.92642, 0.869067
279, 0.991922, 7.98117, 0.873689
280, 0.983442, 8.03621, 0.878335
281, 0.971914, 8.09155, 0.883005
282, 0.957326, 8.14717, 0.887701
283, 0.939676, 8.2031, 0.892421
284, 0.918969, 8.25932, 0.897167
285, 0.895226, 8.31584, 0.901938
286, 0.868475, 8.37266, 0.906734
287, 0.838756, 8.42978, 0.911556
288, 0.806121, 8.48721, 0.916403
289, 0.770634, 8.54494, 0.921277
290, 0.73237, 8.60298, 0.926176
291, 0.691416, 8.66133, 0.931101
292, 0.647874, 8.71999, 0.936052
293, 0.601853, 8.77896, 0.94103
294, 0.55348, 8.83824, 0.946034
295, 0.502889, 8.89784, 0.951065
296, 0.450227, 8.95776, 0.956122
297, 0.395659, 9.01799, 0.961207
298, 0.339354, 9.07855, 0.966318
299, 0.281497, 9.13942, 0.971457
300, 0.22228, 9.20063, 0.976623
301, 0.161911, 9.26215, 0.981816
302, 0.100603, 9.324, 0.987037
303, 0.0385818, 9.38619, 0.992286
304, -0.0239188, 9.4487, 0.997562
305, -0.0866574, 9.51154, 1.00287
306, -0.149385, 9.57472, 1.0082
307, -0.211843, 9.63824, 1.01356
308, -0.273773, 9.70209, 1.01895
309, -0.334907, 9.76628, 1.02437
310, -0.394975, 9.83082, 1.02982
311, -0.453704, 9.8957, 1.03529
312, -0.510821, 9.96092, 1.0408
313, -0.566052, 10.0265, 1.04633
314, -0.619125, 10.0924, 1.0519
315, -0.669767, 10.1587, 1.05749
316, -0.717715, 10.2253, 1.06311
317, -0.762708, 10.2923, 1.06877
318, -0.804493, 10.3596, 1.07445
319, -0.842825, 10.4273, 1.08016
320, -0.877469, 10.4953, 1.08591
321, -0.908203, 10.5637, 1.09168
322, -0.934818, 10.6325, 1.09749
323, -0.957118, 10.7017, 1.10332
324, -0.974927, 10.7712, 1.10919
325, -0.988085, 10.841, 1.11509
326, -0.996451, 10.9113, 1.12102
327, -0.999907, 10.9819, 1.12698
328, -0.998356, 11.0529, 1.13297
329, -0.991727, 11.1243, 1.139
330, -0.979972, 11.1961, 1.14506
331, -0.96307, 11.2682, 1.15114
332, -0.94103, 11.3407, 1.15727
333, -0.913886, 11.4136, 1.16342
334, -0.881703, 11.4869, 1.16961
335, -0.844578, 11.5606, 1.17583
336, -0.802636, 11.6347, 1.18208
337, -0.756034, 11.7091, 1.18837
338, -0.70496, 11.784, 1.19468
339, -0.649634, 11.8593, 1.20104
340, -0.590308, 11.9349, 1.20742
341, -0.527261, 12.011, 1.21385
342, -0.460805, 12.0875, 1.2203
343, -0.391283, 12.1643, 1.22679
344, -0.319062, 12.2416, 1.23331
345, -0.244538, 12.3193, 1.23987
346, -0.168129, 12.3974, 1.24646
347, -0.0902811, 12.476, 1.25309
348, -0.0114607, 12.5549, 1.25976
349, 0.0678507, 12.6343, 1.26646
350, 0.14715, 12.7141, 1.27319
351, 0.22593, 12.7943, 1.27996
352, 0.303661, 12.8749, 1.28677
353, 0.379816, 12.956, 1.29361
354, 0.453861, 13.0375, 1.30049
355, 0.525261, 13.1194, 1.3074
356, 0.59349, 13.2018, 1.31436
357, 0.658023, 13.2846, 1.32135
358, 0.718354, 13.3678, 1.32837
359, 0.77399, 13.4515, 1.33544
360, 0.82446, 13.5356, 1.34254
361, 0.869321, 13.6202, 1.34968
362, 0.908155, 13.7052, 1.35685
363, 0.940581, 13.7907, 1.36407
364, 0.966255, 13.8766, 1.37132
365, 0.984877, 13.963, 1.37862
366, 0.996193, 14.0499, 1.38595
367, 1, 14.1372, 1.39332
368, 0.996147, 14.225, 1.40073
369, 0.984543, 14.3132, 1.40818
370, 0.965155, 14.4019, 1.41566
371, 0.938011, 14.4911, 1.42319
372, 0.903209, 14.5808, 1.43076
373, 0.860907, 14.6709, 1.43837
374, 0.811337, 14.7615, 1.44602
375, 0.754792, 14.8526, 1.45371
376, 0.691638, 14.9442, 1.46144
377, 0.622308, 15.0363, 1.46921
378, 0.547296, 15.1288, 1.47702
379, 0.467161, 15.2219, 1.48488
380, 0.382531, 15.3154, 1.49277
381, 0.294077, 15.4095, 1.50071
382, 0.202535, 15.504, 1.50869
383, 0.108686, 15.5991, 1.51671
384, 0.0133504, 15.6946, 1.52478
385, -0.0826129, 15.7907, 1.53289
386, -0.178319, 15.8872, 1.54104
387, -0.272858, 15.9843, 1.54923
388, -0.365306, 16.0819, 1.55747
389, -0.454739, 16.18, 1.56575
390, -0.540238, 16.2787, 1.57408
391, -0.620895, 16.3778, 1.58245
392, -0.695831, 16.4775, 1.59087
393, -0.7642, 16.5778, 1.59932
394, -0.825198, 16.6785, 1.60783
395, -0.878086, 16.7798, 1.61638
396, -0.922179, 16.8816, 1.62498
397, -0.956875, 16.984, 1.63362
398, -0.981657, 17.0869, 1.6423
399, -0.996098, 17.1904, 1.65104
400, -0.999878, 17.2944, 1.65982
401, -0.992783, 17.399, 1.66864
402, -0.97472, 17.5041, 1.67752
403, -0.945713, 17.6098, 1.68644
404, -0.905917, 17.716, 1.6954
405, -0.855611, 17.8228, 1.70442
406, -0.795211, 17.9302, 1.71348
407, -0.725255, 18.0382, 1.7226
408, -0.646423, 18.1467, 1.73176
409, -0.559503, 18.2558, 1.74096
410, -0.465422, 18.3654, 1.75022
411, -0.365198, 18.4757, 1.75953
412, -0.259973, 18.5866, 1.76889
413, -0.150982, 18.698, 1.77829
414, -0.0395156, 18.81, 1.78775
415, 0.0730303, 18.9227, 1.79726
416, 0.185247, 19.0359, 1.80681
417, 0.295662, 19.1497, 1.81642
418, 0.402809, 19.2641, 1.82608
419, 0.505206, 19.3792, 1.83579
420, 0.601418, 19.4948, 1.84555
421, 0.690037, 19.6111, 1.85537
422, 0.769737, 19.728, 1.86523
423, 0.839267, 19.8455, 1.87515
424, 0.897501, 19.9636, 1.88512
425, 0.94343, 20.0824, 1.89515
426, 0.976207, 20.2018, 1.90523
427, 0.995148, 20.3218, 1.91536
428, 0.999755, 20.4425, 1.92554
429, 0.989733, 20.5638, 1.93578
430, 0.964993, 20.6857, 1.94608
431, 0.925678, 20.8083, 1.95643
432, 0.872144, 20.9316, 1.96683
433, 0.804993, 21.0555, 1.97729
434, 0.725042, 21.1801, 1.9878
435, 0.633345, 21.3053, 1.99837
436, 0.53116, 21.4312, 2.009
437, 0.419962, 21.5577, 2.01968
438, 0.301405, 21.685, 2.03042
439, 0.177308, 21.8129, 2.04122
440, 0.0496399, 21.9415, 2.05208
441, -0.0795357, 22.0708, 2.06299
442, -0.208052, 22.2007, 2.07396
443, -0.333719, 22.3314, 2.08499
444, -0.454305, 22.4627, 2.09607
445, -0.567647, 22.5948, 2.10722
446, -0.671619, 22.7275, 2.11843
447, -0.764237, 22.861, 2.12969
448, -0.843636, 22.9952, 2.14102
449, -0.908175, 23.1301, 2.1524
450, -0.956425, 23.2656, 2.16385
451, -0.987232, 23.402, 2.17535
452, -0.999737, 23.539, 2.18692
453, -0.993412, 23.6768, 2.19855
454, -0.968078, 23.8153, 2.21024
455, -0.92392, 23.9545, 2.222
456, -0.861504, 24.0945, 2.23381
457, -0.781767, 24.2352, 2.24569
458, -0.686032, 24.3767, 2.25763
459, -0.575968, 24.519, 2.26964
460, -0.453608, 24.6619, 2.28171
461, -0.321264, 24.8057, 2.29384
462, -0.181536, 24.9502, 2.30604
463, -0.037266, 25.0955, 2.3183
464, 0.108566, 25.2415, 2.33063
465, 0.252828, 25.3883, 2.34302
466, 0.392375, 25.536, 2.35548
467, 0.524052, 25.6843, 2.36801
468, 0.64482, 25.8335, 2.3806
469, 0.751781, 25.9835, 2.39326
470, 0.842299, 26.1343, 2.40599
471, 0.914028, 26.2858, 2.41878
472, 0.965012, 26.4382, 2.43164
473, 0.993721, 26.5914, 2.44457
474, 0.999123, 26.7454, 2.45757
475, 0.980715, 26.9002, 2.47064
476, 0.938561, 27.0559, 2.48378
477, 0.873315, 27.2124, 2.49699
478, 0.786211, 27.3697, 2.51027
479, 0.679085, 27.5278, 2.52362
480, 0.554302, 27.6868, 2.53704
481, 0.414781, 27.8466, 2.55053
482, 0.263857, 28.0073, 2.56409
483, 0.10529, 28.1688, 2.57773
484, -0.0568808, 28.3312, 2.59143
485, -0.218389, 28.4945, 2.60521
486, -0.374905, 28.6586, 2.61907
487, -0.52208, 28.8236, 2.63299
488, -0.655743, 28.9895, 2.647
489, -0.771966, 29.1563, 2.66107
490, -0.867207, 29.3239, 2.67522
491, -0.938447, 29.4924, 2.68945
492, -0.983255, 29.6619, 2.70375
493, -0.999916, 29.8322, 2.71813
494, -0.987495, 30.0034, 2.73258
495, -0.945891, 30.1756, 2.74711
496, -0.875888, 30.3487, 2.76172
497, -0.779132, 30.5226, 2.77641
498, -0.658163, 30.6975, 2.79117
499, -0.516308, 30.8734, 2.80602
500, -0.35766, 31.0502, 2.82094
501, -0.186936, 31.2279, 2.83594
502, -0.00938457, 31.4065, 2.85102
503, 0.169406, 31.5862, 2.86618
504, 0.343641, 31.7667, 2.88142
505, 0.507535, 31.9482, 2.89674
506, 0.655472, 32.1307, 2.91215
507, 0.782251, 32.3142, 2.92763
508, 0.883229, 32.4986, 2.9432
509, 0.954545, 32.6841, 2.95885
510, 0.993248, 32.8705, 2.97459
511, 0.997472, 33.0578, 2.99041
512, 0.966514, 33.2462, 3.00631
513, 0.90092, 33.4356, 3.02229
514, 0.802503, 33.626, 3.03837
515, 0.674338, 33.8175, 3.05452
516, 0.520667, 34.0099, 3.07077
517, 0.346825, 34.2033, 3.0871
518, 0.159018, 34.3978, 3.10351
519, -0.0358074, 34.5933, 3.12001
520, -0.230293, 34.7899, 3.13661
521, -0.416846, 34.9875, 3.15329
522, -0.588038, 35.1861, 3.17005
523, -0.736808, 35.3859, 3.18691
524, -0.856844, 35.5866, 3.20386
525, -0.942805, 35.7885, 3.2209
526, -0.99064, 35.9914, 3.23802
527, -0.997752, 36.1954, 3.25524
528, -0.963199, 36.4005, 3.27255
529, -0.88778, 36.6066, 3.28996
530, -0.774059, 36.8139, 3.30745
531, -0.626355, 37.0222, 3.32504
532, -0.450559, 37.2317, 3.34272
533, -0.253999, 37.4423, 3.3605
534, -0.045082, 37.654, 3.37837
535, 0.166943, 37.8668, 3.39633
536, 0.372501, 38.0808, 3.41439
537, 0.561997, 38.2959, 3.43255
538, 0.726384, 38.5122, 3.4508
539, 0.857532, 38.7296, 3.46915
540, 0.948668, 38.9481, 3.4876
541, 0.994794, 39.1678, 3.50615
542, 0.992952, 39.3887, 3.52479
543, 0.942468, 39.6108, 3.54354
544, 0.845073, 39.834, 3.56238
545, 0.704895, 40.0584, 3.58132
546, 0.528352, 40.284, 3.60037
547, 0.323888, 40.5109, 3.61951
548, 0.101641, 40.7389, 3.63876
549, -0.127079, 40.9681, 3.65811
550, -0.350283, 41.1986, 3.67756
551, -0.555998, 41.4303, 3.69712
552, -0.732831, 41.6632, 3.71678
553, -0.870703, 41.8973, 3.73654
554, -0.961393, 42.1327, 3.75641
555, -0.999113, 42.3694, 3.77639
556, -0.980896, 42.6073, 3.79647
557, -0.906886, 42.8465, 3.81666
558, -0.780458, 43.0869, 3.83695
559, -0.608103, 43.3286, 3.85736
560, -0.399222, 43.5716, 3.87787
561, -0.165594, 43.8159, 3.89849
562, 0.079151, 44.0615, 3.91922
563, 0.3204, 44.3084, 3.94007
564, 0.543297, 44.5567, 3.96102
565, 0.733804, 44.8062, 3.98208
566, 0.879485, 45.0571, 4.00326
567, 0.970422, 45.3093, 4.02454
568, 0.999953, 45.5628, 4.04595
569, 0.965197, 45.8177, 4.06746
570, 0.867392, 46.074, 4.08909
571, 0.711995, 46.3316, 4.11084
572, 0.508426, 46.5905, 4.1327
573, 0.269628, 46.8509, 4.15467
574, 0.0112644, 47.1126, 4.17676
575, -0.249207, 47.3758, 4.19898
576, -0.493756, 47.6403, 4.22131
577, -0.704931, 47.9062, 4.24375
578, -0.867267, 48.1736, 4.26632
579, -0.96833, 48.4423, 4.28901
580, -0.99984, 48.7126, 4.31181
581, -0.958387, 48.9842, 4.33474
582, -0.845879, 49.2573, 4.35779
583, -0.66961, 49.5318, 4.38097
584, -0.441867, 49.8078, 4.40426
585, -0.17925, 50.0853, 4.42768
586, 0.0985655, 50.3642, 4.45123
587, 0.370118, 50.6446, 4.4749
588, 0.613952, 50.9265, 4.4987
589, 0.810182, 51.2099, 4.52262
590, 0.942285, 51.4949, 4.54667
591, 0.99849, 51.7813, 4.57085
592, 0.972983, 52.0693, 4.59515
593, 0.866583, 52.3588, 4.61959
594, 0.686958, 52.6498, 4.64416
595, 0.448165, 52.9424, 4.66885
596, 0.169761, 53.2365, 4.69368
597, -0.124787, 53.5322, 4.71864
598, -0.409927, 53.8294, 4.74373
599, -0.660311, 54.1283, 4.76896
600, -0.852977, 54.4287, 4.79432
601, -0.969628, 54.7308, 4.81981
602, -0.998402, 55.0344, 4.84544
603, -0.935258, 55.3397, 4.87121
604, -0.784642, 55.6465, 4.89711
605, -0.559347, 55.9551, 4.92315
606, -0.279674, 56.2652, 4.94933
607, 0.028351, 56.577, 4.97565
608, 0.335191, 56.8905, 5.00211
609, 0.610697, 57.2056, 5.02871
610, 0.826992, 57.5224, 5.05545
611, 0.96145, 57.8409, 5.08234
612, 0.999135, 58.1611, 5.10936
613, 0.934657, 58.483, 5.13653
614, 0.773096, 58.8066, 5.16385
615, 0.529818, 59.1319, 5.19131
616, 0.229275, 59.4589, 5.21891
617, -0.0972899, 59.7877, 5.24667
618, -0.415037, 60.1182, 5.27457
619, -0.689115, 60.4505, 5.30261
620, -0.888622, 60.7846, 5.33081
621, -0.990127, 61.1204, 5.35916
622, -0.98066, 61.458, 5.38766
623, -0.859557, 61.7975, 5.41631
624, -0.638979, 62.1387, 5.44511
625, -0.343034, 62.4817, 5.47407
626, -0.005273, 62.8266, 5.50318
627, 0.33482, 63.1733, 5.53244
628, 0.636509, 63.5218, 5.56186
629, 0.862574, 63.8722, 5.59144
630, 0.984166, 64.2245, 5.62117
631, 0.984565, 64.5786, 5.65106
632, 0.861823, 64.9346, 5.68111
633, 0.629537, 65.2925, 5.71132
634, 0.315649, 65.6523, 5.74169
635, -0.0405507, 66.014, 5.77223
636, -0.393299, 66.3777, 5.80292
637, -0.695982, 66.7432, 5.83378
638, -0.907507, 67.1108, 5.8648
639, -0.997952, 67.4802, 5.89599
640, -0.953113, 67.8517, 5.92734
641, -0.777044, 68.2251, 5.95886
642, -0.492138, 68.6005, 5.99055
643, -0.136711, 68.9779, 6.02241
644, 0.239891, 69.3573, 6.05443
645, 0.584031, 69.7387, 6.08663
646, 0.845298, 70.1222, 6.11899
647, 0.984169, 70.5077, 6.15153
648, 0.978166, 70.8952, 6.18425
649, 0.825921, 71.2848, 6.21713
650, 0.548167, 71.6765, 6.25019
651, 0.185325, 72.0702, 6.28343
652, -0.207906, 72.4661, 6.31684
653, -0.570726, 72.864, 6.35043
654, -0.845474, 73.2641, 6.3842
655, -0.987045, 73.6663, 6.41815
656, -0.970575, 74.0706, 6.45228
657, -0.79627, 74.4771, 6.48659
658, -0.490335, 74.8857, 6.52109
659, -0.101464, 75.2966, 6.55577
660, 0.306342, 75.7096, 6.59063
661, 0.664299, 76.1248, 6.62567
662, 0.91028, 76.5422, 6.66091
663, 0.999974, 76.9618, 6.69633
664, 0.915259, 77.3837, 6.73194
665, 0.668382, 77.8078, 6.76774
666, 0.300947, 78.2341, 6.80372
667, -0.122647, 78.6628, 6.8399
668, -0.525978, 79.0937, 6.87628
669, -0.834406, 79.5269, 6.91284
670, -0.989035, 79.9624, 6.9496
671, -0.958366, 80.4002, 6.98656
672, -0.745356, 80.8403, 7.02371
673, -0.388124, 81.2828, 7.06106
674, 0.0462357, 81.7277, 7.09861
675, 0.47366, 82.1749, 7.13636
676, 0.809344, 82.6244, 7.17431
677, 0.984587, 83.0764, 7.21246
678, 0.961445, 83.5308, 7.25081
679, 0.741585, 83.9876, 7.28937
680, 0.367383, 84.4468, 7.32813
681, -0.0853569, 84.9085, 7.3671
682, -0.522335, 85.3726, 7.40628
683, -0.850098, 85.8392, 7.44566
684, -0.996342, 86.3082, 7.48526
685, -0.926427, 86.7798, 7.52506
686, -0.652384, 87.2539, 7.56508
687, -0.232007, 87.7305, 7.60531
688, 0.242549, 88.2096, 7.64575
689, 0.664371, 88.6912, 7.68641
690, 0.935932, 89.1755, 7.72728
691, 0.991959, 89.6623, 7.76837
692, 0.816016, 90.1517, 7.80968
693, 0.446162, 90.6437, 7.85121
694, -0.0321284, 91.1383, 7.89296
695, -0.505005, 91.6356, 7.93494
696, -0.856924, 92.1355, 7.97713
697, -0.999241, 92.638, 8.01955
698, -0.893263, 93.1432, 8.0622
699, -0.561855, 93.6512, 8.10507
700, -0.0859227, 94.1618, 8.14817
701, 0.414415, 94.6751, 8.1915
702, 0.809526, 95.1911, 8.23506
703, 0.994104, 95.7099, 8.27885
704, 0.915961, 96.2315, 8.32288
705, 0.592017, 96.7558, 8.36713
706, 0.106243, 97.2829, 8.41163
707, -0.410941, 97.8129, 8.45636
708, -0.817016, 98.3456, 8.50133
709, -0.996881, 98.8812, 8.54653
710, -0.896314, 99.4196, 8.59198
711, -0.539707, 99.9609, 8.63767
712, -0.0259342, 100.505, 8.6836
713, 0.497859, 101.052, 8.72978
714, 0.877718, 101.602, 8.7762
715, 0.998586, 102.155, 8.82287
716, 0.820216, 102.711, 8.86979
717, 0.392176, 103.27, 8.91696
718, -0.158113, 103.831, 8.96438
719, -0.662017, 104.396, 9.01205
720, -0.961185, 104.964, 9.05997
721, -0.957891, 105.535, 9.10815
722, -0.648612, 106.108, 9.15658
723, -0.128559, 106.685, 9.20527
724, 0.435881, 107.265, 9.25423
725, 0.859352, 107.848, 9.30344
726, 0.998784, 108.434, 9.35291
727, 0.802973, 109.023, 9.40264
728, 0.333377, 109.616, 9.45265
729, -0.252825, 110.211, 9.50291
730, -0.754102, 110.81, 9.55345
731, -0.993431, 111.412, 9.60425
732, -0.882142, 112.017, 9.65532
733, -0.454797, 112.625, 9.70666
734, 0.138931, 113.237, 9.75828
735, 0.684648, 113.851, 9.81017
736, 0.980337, 114.469, 9.86234
737, 0.911996, 115.091, 9.91479
738, 0.499905, 115.715, 9.96751
739, -0.104251, 116.343, 10.0205
740, -0.671132, 116.975, 10.0738
741, -0.979979, 117.609, 10.1274
742, -0.905779, 118.247, 10.1812
743, -0.472236, 118.889, 10.2354
744, 0.152406, 119.534, 10.2898
745, 0.718242, 120.182, 10.3445
746, 0.993063, 120.833, 10.3995
747, 0.859082, 121.489, 10.4548
748, 0.366134, 122.147, 10.5104
749, -0.283361, 122.809, 10.5663
750, -0.81513, 123.475, 10.6225
751, -0.99868, 124.144, 10.679
752, -0.749086, 124.817, 10.7358
753, -0.169506, 125.493, 10.7929
754, 0.487824, 126.173, 10.8503
755, 0.929544, 126.857, 10.908
756, 0.952473, 127.544, 10.966
757, 0.539973, 128.235, 11.0243
758, -0.123765, 128.929, 11.0829
759, -0.73272, 129.628, 11.1418
760, -0.998916, 130.33, 11.2011
761, -0.79054, 131.035, 11.2606
762, -0.200931, 131.745, 11.3205
763, 0.488952, 132.458, 11.3807
764, 0.941764, 133.175, 11.4412
765, 0.92946, 133.896, 11.5021
766, 0.451416, 134.62, 11.5633
767, -0.25721, 135.349, 11.6247
768, -0.837375, 136.081, 11.6866
769, -0.987557, 136.817, 11.7487
770, -0.623103, 137.557, 11.8112
771, 0.0713001, 138.301, 11.874
772, 0.730752, 139.049, 11.9371
773, 1, 139.802, 12.0006
774, 0.727117, 140.558, 12.0644
775, 0.0540619, 141.318, 12.1286
776, -0.651842, 142.082, 12.1931
777, -0.995712, 142.85, 12.2579
778, -0.777821, 143.622, 12.3231
779, -0.114618, 144.398, 12.3886
780, 0.617532, 145.179, 12.4545
781, 0.992738, 145.963, 12.5207
782, 0.784919, 146.752, 12.5873
783, 0.109393, 147.545, 12.6543
784, -0.634695, 148.342, 12.7216
785, -0.996659, 149.144, 12.7892
786, -0.749186, 149.95, 12.8572
787, -0.0368717, 150.76, 12.9256
788, 0.701465, 151.574, 12.9943
789, 0.999681, 152.393, 13.0634
790, 0.661292, 153.215, 13.1329
791, -0.1046, 154.043, 13.2027
792, -0.805535, 154.875, 13.2729
793, -0.979681, 155.711, 13.3435
794, -0.504002, 156.551, 13.4145
795, 0.311606, 157.397, 13.4858
796, 0.919358, 158.246, 13.5575
797, 0.900538, 159.1, 13.6296
798, 0.259378, 159.959, 13.7021
799, -0.56535, 160.822, 13.775
800, -0.994785, 161.69, 13.8482
801, -0.717716, 162.562, 13.9218
802, 0.0764841, 163.439, 13.9959
803, 0.818173, 164.321, 14.0703
804, 0.962738, 165.207, 14.1451
805, 0.394748, 166.099, 14.2203
806, -0.470697, 166.994, 14.296
807, -0.983818, 167.895, 14.372
808, -0.748301, 168.801, 14.4484
809, 0.0647059, 169.711, 14.5252
810, 0.830406, 170.626, 14.6025
811, 0.946393, 171.546, 14.6801
812, 0.311732, 172.471, 14.7582
813, -0.575118, 173.4, 14.8367
814, -0.999728, 174.335, 14.9156
815, -0.608787, 175.275, 14.9949
816, 0.286088, 176.219, 15.0746
817, 0.945735, 177.169, 15.1548
818, 0.811668, 178.124, 15.2354
819, -0.0127603, 179.084, 15.3164
820, -0.829212, 180.048, 15.3978
821, -0.929787, 181.019, 15.4797
822, -0.216878, 181.994, 15.562
823, 0.69022, 182.974, 15.6448
824, 0.984456, 183.96, 15.728
825, 0.392538, 184.951, 15.8116
826, -0.558631, 185.947, 15.8957
827, -0.999727, 186.948, 15.9802
828, -0.514771, 187.955, 16.0652
829, 0.454112, 188.967, 16.1507
830, 0.996645, 189.984, 16.2365
831, 0.589005, 191.007, 16.3229
832, -0.387945, 192.036, 16.4097
833, -0.990415, 193.069, 16.4969
834, -0.62103, 194.109, 16.5847
835, 0.366077, 195.154, 16.6729
836, 0.989402, 196.204, 16.7615
837, 0.613532, 197.26, 16.8507
838, -0.390393, 198.321, 16.9403
839, -0.994752, 199.389, 17.0303
840, -0.565046, 200.461, 17.1209
841, 0.460142, 201.54, 17.2119
842, 0.999966, 202.624, 17.3035
843, 0.469729, 203.715, 17.3955
844, -0.570263, 204.81, 17.488
845, -0.99052, 205.912, 17.581
846, -0.319703, 207.02, 17.6745
847, 0.709011, 208.133, 17.7685
848, 0.943846, 209.253, 17.863
849, 0.108609, 210.378, 17.9579
850, -0.853426, 211.509, 18.0534
851, -0.831431, 212.647, 18.1494
852, 0.161034, 213.79, 18.246
853, 0.966478, 214.939, 18.343
854, 0.624789, 216.095, 18.4405
855, -0.467899, 217.257, 18.5386
856, -0.996469, 218.425, 18.6372
857, -0.307644, 219.599, 18.7363
858, 0.762817, 220.779, 18.8359
859, 0.885363, 221.966, 18.9361
860, -0.105523, 223.159, 19.0368
861, -0.964867, 224.358, 19.138
862, -0.589925, 225.564, 19.2398
863, 0.548983, 226.776, 19.3421
864, 0.973916, 227.994, 19.4449
865, 0.116713, 229.219, 19.5483
866, -0.897723, 230.451, 19.6523
867, -0.709594, 231.689, 19.7568
868, 0.440138, 232.934, 19.8619
869, 0.990746, 234.185, 19.9675
870, 0.175767, 235.443, 20.0737
871, -0.885683, 236.707, 20.1804
872, -0.704889, 237.979, 20.2877
873, 0.475798, 239.257, 20.3956
874, 0.978056, 240.542, 20.5041
875, 0.0690984, 241.833, 20.6131
876, -0.942314, 243.132, 20.7227
877, -0.570056, 244.438, 20.8329
878, 0.648611, 245.75, 20.9437
879, 0.898516, 247.069, 21.0551
880, -0.208558, 248.396, 21.167
881, -0.999631, 249.729, 21.2796
882, -0.254631, 251.07, 21.3928
883, 0.88675, 252.418, 21.5065
884, 0.641465, 253.773, 21.6209
885, -0.617622, 255.135, 21.7359
886, -0.894182, 256.504, 21.8514
887, 0.266748, 257.881, 21.9676
888, 0.996541, 259.265, 22.0845
889, 0.0961273, 260.656, 22.2019
890, -0.964175, 262.055, 22.32
891, -0.419705, 263.461, 22.4386
892, 0.830784, 264.874, 22.558
893, 0.674217, 266.295, 22.6779
894, -0.635499, 267.724, 22.7985
895, -0.850323, 269.16, 22.9198
896, 0.414425, 270.604, 23.0416
897, 0.952889, 272.056, 23.1642
898, -0.195432, 273.515, 23.2874
899, -0.99569, 274.982, 23.4112
900, -0.00300019, 276.457, 23.5357
901, 0.995859, 277.94, 23.6608
902, 0.170369, 279.431, 23.7867
903, -0.970479, 280.929, 23.9131
904, -0.302984, 282.436, 24.0403
905, 0.934436, 283.95, 24.1681
906, 0.400695, 285.473, 24.2967
907, -0.899347, 287.003, 24.4259
908, -0.465767, 288.542, 24.5558
909, 0.873573, 290.089, 24.6863
910, 0.5002, 291.644, 24.8176
911, -0.862164, 293.208, 24.9496
912, -0.505731, 294.779, 25.0823
913, 0.867409, 296.36, 25.2156
914, 0.482109, 297.948, 25.3497
915, -0.888407, 299.545, 25.4845
916, -0.427928, 301.151, 25.6201
917, 0.921469, 302.765, 25.7563
918, 0.34017, 304.387, 25.8933
919, -0.959157, 306.018, 26.0309
920, -0.215859, 307.659, 26.1694
921, 0.990255, 309.307, 26.3085
922, 0.0530482, 310.965, 26.4484
923, -0.999103, 312.631, 26.5891
924, 0.146027, 314.306, 26.7305
925, 0.966448, 315.99, 26.8726
926, -0.372752, 317.683, 27.0155
927, -0.871191, 319.385, 27.1592
928, 0.607748, 321.096, 27.3036
929, 0.694876, 322.816, 27.4488
930, -0.8198, 324.545, 27.5948
931, -0.427808, 326.284, 27.7415
932, 0.965005, 328.031, 27.889
933, 0.0790297, 329.788, 28.0373
934, -0.993224, 331.555, 28.1864
935, 0.315933, 333.33, 28.3363
936, 0.859923, 335.115, 28.487
937, -0.68858, 336.91, 28.6385
938, -0.546211, 338.714, 28.7908
939, 0.94448, 340.528, 28.9439
940, 0.0821881, 342.351, 29.0978
941, -0.983834, 344.184, 29.2525
942, 0.43693, 346.027, 29.4081
943, 0.742428, 347.88, 29.5645
944, -0.855097, 349.743, 29.7217
945, -0.241021, 351.615, 29.8797
946, 0.997675, 353.497, 30.0386
947, -0.380089, 355.39, 30.1984
948, -0.750876, 357.292, 30.3589
949, 0.873921, 359.205, 30.5204
950, 0.154965, 361.128, 30.6827
951, -0.978722, 363.061, 30.8459
952, 0.547294, 365.004, 31.0099
953, 0.572076, 366.957, 31.1748
954, -0.97681, 368.921, 31.3406
955, 0.186747, 370.896, 31.5072
956, 0.824183, 372.881, 31.6748
957, -0.855514, 374.876, 31.8432
958, -0.108671, 376.882, 32.0125
959, 0.943717, 378.899, 32.1828
960, -0.713025, 380.927, 32.3539
961, -0.304719, 382.965, 32.526
962, 0.985805, 385.014, 32.6989
963, -0.611453, 387.074, 32.8728
964, -0.401041, 389.145, 33.0476
965, 0.995172, 391.227, 33.2233
966, -0.581565, 393.32, 33.4
967, -0.404795, 395.424, 33.5776
968, 0.991844, 397.539, 33.7562
969, -0.63149, 399.666, 33.9357
970, -0.314708, 401.804, 34.1161
971, 0.966806, 403.953, 34.2976
972, -0.750169, 406.114, 34.48
973, -0.120921, 408.286, 34.6633
974, 0.881502, 410.47, 34.8476
975, -0.898527, 412.665, 35.033
976, 0.18087, 414.872, 35.2192
977, 0.67496, 417.091, 35.4065
978, -0.996699, 419.321, 35.5948
979, 0.556716, 421.564, 35.7841
980, 0.292434, 423.818, 35.9744
981, -0.92152, 426.085, 36.1657
982, 0.894013, 428.363, 36.358
983, -0.252457, 430.653, 36.5513
984, -0.551065, 432.956, 36.7457
985, 0.987137, 435.271, 36.9411
986, -0.793675, 437.598, 37.1376
987, 0.114672, 439.938, 37.335
988, 0.62455, 442.29, 37.5336
989, -0.992899, 444.655, 37.7332
990, 0.798897, 447.032, 37.9338
991, -0.172826, 449.421, 38.1356
992, -0.535726, 451.824, 38.3383
993, 0.961273, 454.239, 38.5422
994, -0.907096, 456.667, 38.7472
995, 0.422145, 459.108, 38.9532
996, 0.249062, 461.562, 39.1604
997, -0.799344, 464.03, 39.3686
998, 0.999855, 466.509, 39.5779
999, -0.786792, 469.003, 39.7884
1000, 0.26742, 471.51, 40
